0 2 14 29 41 7 7 4 0 0 
0 17 19 24 11 1 2 0 0 0 
0 6 12 23 70 21 1 3 18 0 
1 7 56 34 43 1 1 0 0 0 
0 0 0 0 0 0 0 0 0 0 
0 0 0 0 0 0 0 0 0 0 
0 0 0 0 0 0 0 0 0 0 
0 0 0 0 0 0 0 0 0 0 
0 0 0 0 0 0 0 0 0 0 
0 0 0 0 0 0 0 0 0 0 
0 0 0 0 0 0 0 0 0 0 
0 0 0 0 0 0 0 0 0 0 
0 0 0 0 0 0 0 0 0 0 
0 0 0 0 0 0 0 0 0 0 
0 0 0 0 0 0 0 0 0 0 
0 0 0 0 0 0 0 0 0 0 
0 0 0 0 0 0 0 0 0 0 
0 0 0 0 0 0 0 0 0 0 
0 0 0 0 0 0 0 0 0 0 
0 0 0 0 0 0 0 0 0 0 
0 6 59 21 18 8 6 0 2 0 
0 10 23 29 17 8 3 1 0 0 
0 11 13 33 42 10 3 2 1 0 
0 10 27 18 10 10 2 0 1 0 
0 11 22 58 26 22 1 0 1 0 
1 2 26 20 19 9 0 0 0 0 
0 13 21 13 12 15 1 0 0 0 
0 4 55 33 12 16 4 1 1 0 
0 9 61 45 14 11 1 1 2 0 
0 42 62 27 7 8 4 1 0 0 
1 13 14 21 34 1 3 1 0 0 
0 7 18 37 16 6 4 0 0 0 
0 10 41 98 7 11 4 2 0 1 
0 4 20 18 43 3 10 5 0 1 
1 8 15 41 50 7 3 1 0 0 
0 18 35 46 6 5 1 0 0 0 
0 5 9 19 39 8 4 0 0 0 
0 18 20 33 8 16 28 2 0 0 
0 19 47 34 13 9 2 5 1 1 
0 21 16 118 24 8 6 3 0 1 
0 4 17 17 7 7 4 1 1 0 
2 12 9 72 7 6 1 2 0 2 
0 1 10 12 13 11 14 12 4 1 
1 43 48 17 11 6 4 2 1 0 
0 2 15 53 15 9 3 0 0 0 
0 3 8 75 15 12 9 2 3 1 
1 19 68 17 11 1 1 0 1 2 
0 8 16 66 13 39 2 3 1 0 
1 9 14 38 12 4 1 0 0 0 
0 4 20 73 46 6 0 2 1 0 
0 8 20 38 14 18 2 0 1 0 
0 3 22 40 20 35 12 4 0 0 
0 5 17 19 54 33 2 2 1 0 
0 7 13 32 11 7 1 4 0 0 
0 6 21 30 47 5 5 2 1 0 
0 7 71 23 11 5 4 1 0 0 
0 5 49 21 13 7 9 2 2 0 
0 1 40 24 52 6 13 1 0 0 
0 7 43 66 31 23 3 0 0 0 
0 6 26 39 31 5 35 0 0 0 
0 1 17 62 20 2 4 0 1 1 
0 3 19 16 20 36 7 1 1 0 
0 1 8 76 55 37 3 3 0 0 
0 10 13 15 8 13 1 0 0 0 
0 32 19 41 16 26 33 0 1 0 
0 6 57 56 29 34 11 25 1 0 
0 1 29 15 15 44 10 0 1 0 
0 1 18 24 131 9 2 4 0 0 
0 3 17 26 13 35 0 2 1 1 
0 5 34 58 51 5 3 2 1 2 
0 4 18 16 24 4 3 0 0 0 
1 11 23 17 10 4 2 2 0 0 
